5 5 5 5 5 5 5 5 5 5
13 23 15 4 30 14 8 3 1 12
4 3 6 8 5 2 7 1 9 10
33 8 29 31 26 21 36 3 20 15
38 26 31 41 31 22 48 3 22 20
40 30 32 47 50 28 49 8 32 29
45 42 35 50 50 40 50 18 40 42
2250000 2250000 2250000     377     364     351     338     325     312     299     286     273     260     247     234     221     208     195     182     169     156     143     130     117     104      91      78      65      52      39      26      13       0       0       0       0       0       0      13      26      39      52      65      78      91     104 2250000 2250000 2250000 2250000
2250000 2250000 2250000 2250000       0       0       0       0       0       0       0       0       0       0       0       0       0       0       0       0       0       0       0       0       0       0       0       0       0       0       0       0       0       0       0       0       0       0       0       0       0       0       0       0       0       0       0 2250000 2250000 2250000
2250000 2250000 2250000 2250000 2250000       0       0       0       0       0       0       0       0       0       0       0       0       0       0       0       0       0       0       0       0       0       0       0       0       0       0       0       0       0       0       0       0       0       0       0       0       0       0       0       0       0       0       0 2250000 2250000
2250000 2250000 2250000 2250000 2250000 2250000       0       0       0       0       0       0       0       0       0       0       0       0       0       0       0       0       0       0       0       0       0       0       0       0       0       0       0       0       0       0       0       0       0       0       0       0       0       0       0       0       0       0       0 2250000
2250000 2250000 2250000 2250000 2250000 2250000 2250000     416     403     390     377     364     351     338     325     312     299     286     273     260     247     234     221     208     195     182     169     156     143     130     117     104      91      78      65      52      39      26      13       0       0       0       0       0       0      13      26      39      52      65
2250000 2250000     115      92      69      46      23       0       0       0       0       0       0       0       0       0       0       0       0       0       0       0       0       0       0       0      23      46      69      92     115     138     161     184     207     230     253     276     299     322     345     368     391     414     437     460 2250000 2250000 2250000 2250000
2250000 2250000 2250000       0       0       0       0       0       0       0       0       0       0       0       0       0       0       0       0       0       0       0       0       0       0       0       0       0       0       0       0       0       0       0       0       0       0       0       0       0       0       0       0       0       0       0       0 2250000 2250000 2250000
2250000 2250000 2250000 2250000       0       0       0       0       0       0       0       0       0       0       0       0       0       0       0       0       0       0       0       0       0       0       0       0       0       0       0       0       0       0       0       0       0       0       0       0       0       0       0       0       0       0       0       0 2250000 2250000
2250000 2250000 2250000 2250000 2250000       0       0       0       0       0       0       0       0       0       0       0       0       0       0       0       0       0       0       0       0       0       0       0       0       0       0       0       0       0       0       0       0       0       0       0       0       0       0       0       0       0       0       0       0 2250000
2250000 2250000 2250000 2250000 2250000 2250000     529     506     483     460     437     414     391     368     345     322     299     276     253     230     207     184     161     138     115      92      69      46      23       0       0       0       0       0       0       0       0       0       0       0       0       0      23      46      69      92     115     138     161     184
2250000 2250000 2250000 2250000 2250000     345     330     315     300     285     270     255     240     225     210     195     180     165     150     135     120     105      90      75      60      45      30      15       0       0       0      15      30      45      60      75      90     105     120     135     150     165     180     195     210     225 2250000 2250000 2250000 2250000
2250000 2250000 2250000 2250000 2250000 2250000       0       0       0       0       0       0       0       0       0       0       0       0       0       0       0       0       0       0       0       0       0       0       0       0       0       0       0       0       0       0       0       0       0       0       0       0       0       0       0       0       0 2250000 2250000 2250000
2250000 2250000 2250000 2250000 2250000 2250000 2250000       0       0       0       0       0       0       0       0       0       0       0       0       0       0       0       0       0       0       0       0       0       0       0       0       0       0       0       0       0       0       0       0       0       0       0       0       0       0       0       0       0 2250000 2250000
2250000 2250000 2250000 2250000 2250000 2250000 2250000 2250000       0       0       0       0       0       0       0       0       0       0       0       0       0       0       0       0       0       0       0       0       0       0       0       0       0       0       0       0       0       0       0       0       0       0       0       0       0       0       0       0       0 2250000
2250000 2250000 2250000 2250000 2250000 2250000 2250000 2250000 2250000     330     315     300     285     270     255     240     225     210     195     180     165     150     135     120     105      90      75      60      45      30      15       0       0       0       0      15      30      45      60      75      90     105     120     135     150     165     180     195     210     225
2250000 2250000 2250000 2250000 2250000 2250000 2250000      92      88      84      80      76      72      68      64      60      56      52      48      44      40      36      32      28      24      20      16      12       8       4       0       0       0       0       0       0       0       0       0       0       0       4       8      12      16      20 2250000 2250000 2250000 2250000
2250000 2250000 2250000 2250000 2250000 2250000 2250000 2250000       0       0       0       0       0       0       0       0       0       0       0       0       0       0       0       0       0       0       0       0       0       0       0       0       0       0       0       0       0       0       0       0       0       0       0       0       0       0       0 2250000 2250000 2250000
2250000 2250000 2250000 2250000 2250000 2250000 2250000 2250000 2250000       0       0       0       0       0       0       0       0       0       0       0       0       0       0       0       0       0       0       0       0       0       0       0       0       0       0       0       0       0       0       0       0       0       0       0       0       0       0       0 2250000 2250000
2250000 2250000 2250000 2250000 2250000 2250000 2250000 2250000 2250000 2250000       0       0       0       0       0       0       0       0       0       0       0       0       0       0       0       0       0       0       0       0       0       0       0       0       0       0       0       0       0       0       0       0       0       0       0       0       0       0       0 2250000
2250000 2250000 2250000 2250000 2250000 2250000 2250000 2250000 2250000 2250000 2250000     140     136     132     128     124     120     116     112     108     104     100      96      92      88      84      80      76      72      68      64      60      56      52      48      44      40      36      32      28      24      20      16      12       8       4       0       0       0       0
2250000 2250000 2250000 2250000     630     600     570     540     510     480     450     420     390     360     330     300     270     240     210     180     150     120      90      60      30       0       0       0       0       0       0      30      60      90     120     150     180     210     240     270     300     330     360     390     420     450 2250000 2250000 2250000 2250000
2250000 2250000 2250000 2250000 2250000       0       0       0       0       0       0       0       0       0       0       0       0       0       0       0       0       0       0       0       0       0       0       0       0       0       0       0       0       0       0       0       0       0       0       0       0       0       0       0       0       0       0 2250000 2250000 2250000
2250000 2250000 2250000 2250000 2250000 2250000       0       0       0       0       0       0       0       0       0       0       0       0       0       0       0       0       0       0       0       0       0       0       0       0       0       0       0       0       0       0       0       0       0       0       0       0       0       0       0       0       0       0 2250000 2250000
2250000 2250000 2250000 2250000 2250000 2250000 2250000       0       0       0       0       0       0       0       0       0       0       0       0       0       0       0       0       0       0       0       0       0       0       0       0       0       0       0       0       0       0       0       0       0       0       0       0       0       0       0       0       0       0 2250000
2250000 2250000 2250000 2250000 2250000 2250000 2250000 2250000    1230    1200    1170    1140    1110    1080    1050    1020     990     960     930     900     870     840     810     780     750     720     690     660     630     600     570     540     510     480     450     420     390     360     330     300     270     240     210     180     150     120      90      60      30       0
2250000     266     252     238     224     210     196     182     168     154     140     126     112      98      84      70      56      42      28      14       0       0      14      28      42      56      70      84      98     112     126     140     154     168     182     196     210     224     238     252     266     280     294     308     322     336 2250000 2250000 2250000 2250000
2250000 2250000       0       0       0       0       0       0       0       0       0       0       0       0       0       0       0       0       0       0       0       0       0       0       0       0       0       0       0       0       0       0       0       0       0       0       0       0       0       0       0       0       0       0       0       0       0 2250000 2250000 2250000
2250000 2250000 2250000       0       0       0       0       0       0       0       0       0       0       0       0       0       0       0       0       0       0       0       0       0       0       0       0       0       0       0       0       0       0       0       0       0       0       0       0       0       0       0       0       0       0       0       0       0 2250000 2250000
2250000 2250000 2250000 2250000       0       0       0       0       0       0       0       0       0       0       0       0       0       0       0       0       0       0       0       0       0       0       0       0       0       0       0       0       0       0       0       0       0       0       0       0       0       0       0       0       0       0       0       0       0 2250000
2250000 2250000 2250000 2250000 2250000     308     294     280     266     252     238     224     210     196     182     168     154     140     126     112      98      84      70      56      42      28      14       0       0       0       0       0       0       0       0       0       0       0       0       0      14      28      42      56      70      84      98     112     126     140
2250000 2250000 2250000 2250000 2250000 2250000     232     224     216     208     200     192     184     176     168     160     152     144     136     128     120     112     104      96      88      80      72      64      56      48      40      32      24      16       8       0       0       0       0       0       0       0       0       0       0       0 2250000 2250000 2250000 2250000
2250000 2250000 2250000 2250000 2250000 2250000 2250000       0       0       0       0       0       0       0       0       0       0       0       0       0       0       0       0       0       0       0       0       0       0       0       0       0       0       0       0       0       0       0       0       0       0       0       0       0       0       0       0 2250000 2250000 2250000
2250000 2250000 2250000 2250000 2250000 2250000 2250000 2250000       0       0       0       0       0       0       0       0       0       0       0       0       0       0       0       0       0       0       0       0       0       0       0       0       0       0       0       0       0       0       0       0       0       0       0       0       0       0       0       0 2250000 2250000
2250000 2250000 2250000 2250000 2250000 2250000 2250000 2250000 2250000       0       0       0       0       0       0       0       0       0       0       0       0       0       0       0       0       0       0       0       0       0       0       0       0       0       0       0       0       0       0       0       0       0       0       0       0       0       0       0       0 2250000
2250000 2250000 2250000 2250000 2250000 2250000 2250000 2250000 2250000 2250000     304     296     288     280     272     264     256     248     240     232     224     216     208     200     192     184     176     168     160     152     144     136     128     120     112     104      96      88      80      72      64      56      48      40      32      24      16       8       0       0
      6       3       0       3       6       9      12      15      18      21      24      27      30      33      36      39      42      45      48      51      54      57      60      63      66      69      72      75      78      81      84      87      90      93      96      99     102     105     108     111     114     117     120     123     126     129 2250000 2250000 2250000 2250000
2250000       0       0       0       0       0       0       0       0       0       0       0       0       0       0       0       0       0       0       0       0       0       0       0       0       0       0       0       0       0       0       0       0       0       0       0       0       0       0       0       0       0       0       0       0       0       0 2250000 2250000 2250000
2250000 2250000       0       0       0       0       0       0       0       0       0       0       0       0       0       0       0       0       0       0       0       0       0       0       0       0       0       0       0       0       0       0       0       0       0       0       0       0       0       0       0       0       0       0       0       0       0       0 2250000 2250000
2250000 2250000 2250000       0       0       0       0       0       0       0       0       0       0       0       0       0       0       0       0       0       0       0       0       0       0       0       0       0       0       0       0       0       0       0       0       0       0       0       0       0       0       0       0       0       0       0       0       0       0 2250000
2250000 2250000 2250000 2250000       9       6       3       0       0       0       0       0       0       0       0       0       0       0       3       6       9      12      15      18      21      24      27      30      33      36      39      42      45      48      51      54      57      60      63      66      69      72      75      78      81      84      87      90      93      96
2250000 2250000 2250000 2250000 2250000 2250000 2250000 2250000      11      10       9       8       7       6       5       4       3       2       1       0       0       0       1       2       3       4       5       6       7       8       9      10      11      12      13      14      15      16      17      18      19      20      21      22      23      24 2250000 2250000 2250000 2250000
2250000 2250000 2250000 2250000 2250000 2250000 2250000 2250000 2250000       0       0       0       0       0       0       0       0       0       0       0       0       0       0       0       0       0       0       0       0       0       0       0       0       0       0       0       0       0       0       0       0       0       0       0       0       0       0 2250000 2250000 2250000
2250000 2250000 2250000 2250000 2250000 2250000 2250000 2250000 2250000 2250000       0       0       0       0       0       0       0       0       0       0       0       0       0       0       0       0       0       0       0       0       0       0       0       0       0       0       0       0       0       0       0       0       0       0       0       0       0       0 2250000 2250000
2250000 2250000 2250000 2250000 2250000 2250000 2250000 2250000 2250000 2250000 2250000       0       0       0       0       0       0       0       0       0       0       0       0       0       0       0       0       0       0       0       0       0       0       0       0       0       0       0       0       0       0       0       0       0       0       0       0       0       0 2250000
2250000 2250000 2250000 2250000 2250000 2250000 2250000 2250000 2250000 2250000 2250000 2250000      19      18      17      16      15      14      13      12      11      10       9       8       7       6       5       4       3       2       1       0       0       0       0       0       0       0       0       0       1       2       3       4       5       6       7       8       9      10
2250000 2250000 2250000 2250000 2250000 2250000 2250000 2250000 2250000      60      48      36      24      12       0       0       0       0       0       0      12      24      36      48      60      72      84      96     108     120     132     144     156     168     180     192     204     216     228     240     252     264     276     288     300     312 2250000 2250000 2250000 2250000
2250000 2250000 2250000 2250000 2250000 2250000 2250000 2250000 2250000 2250000       0       0       0       0       0       0       0       0       0       0       0       0       0       0       0       0       0       0       0       0       0       0       0       0       0       0       0       0       0       0       0       0       0       0       0       0       0 2250000 2250000 2250000
2250000 2250000 2250000 2250000 2250000 2250000 2250000 2250000 2250000 2250000 2250000       0       0       0       0       0       0       0       0       0       0       0       0       0       0       0       0       0       0       0       0       0       0       0       0       0       0       0       0       0       0       0       0       0       0       0       0       0 2250000 2250000
2250000 2250000 2250000 2250000 2250000 2250000 2250000 2250000 2250000 2250000 2250000 2250000       0       0       0       0       0       0       0       0       0       0       0       0       0       0       0       0       0       0       0       0       0       0       0       0       0       0       0       0       0       0       0       0       0       0       0       0       0 2250000
2250000 2250000 2250000 2250000 2250000 2250000 2250000 2250000 2250000 2250000 2250000 2250000 2250000     180     168     156     144     132     120     108      96      84      72      60      48      36      24      12       0       0       0       0       0       0       0       0       0       0       0       0       0       0      12      24      36      48      60      72      84      96