3 3 3
24 6 6
2 3 1
7 3 3
7 5 5
8 8 6
9 8 9
46656   120    96    72    48    24     0 46656 46656
46656 46656     0     0     0     0     0     0 46656
46656 46656 46656    96    72    48    24     0     0
46656 46656     0     0     0     6    12 46656 46656
46656 46656 46656     0     0     0     0     0 46656
46656 46656 46656 46656    18    12     6     0     6
   12     6     0     0     0     6    12 46656 46656
46656     0     0     0     0     0     0     0 46656
46656 46656    18    12     6     0     0     0     0