5 5 5 5 5
7 19 10 15 28
2 3 4 1 5
19 14 18 11 9
21 14 18 16 9
25 17 23 16 15
25 23 23 17 21
490000    119    112    105     98     91     84     77     70     63     56     49     42     35     28     21     14      7      0      0      0 490000 490000 490000 490000
490000 490000      0      0      0      0      0      0      0      0      0      0      0      0      0      0      0      0      0      0      0      0 490000 490000 490000
490000 490000 490000      0      0      0      0      0      0      0      0      0      0      0      0      0      0      0      0      0      0      0      0 490000 490000
490000 490000 490000 490000      0      0      0      0      0      0      0      0      0      0      0      0      0      0      0      0      0      0      0      0 490000
490000 490000 490000 490000 490000    133    126    119    112    105     98     91     84     77     70     63     56     49     42     35     28     21     14      7      0
490000 490000    209    190    171    152    133    114     95     76     57     38     19      0     19     38     57     76     95    114    133 490000 490000 490000 490000
490000 490000 490000      0      0      0      0      0      0      0      0      0      0      0      0      0      0      0      0      0      0      0 490000 490000 490000
490000 490000 490000 490000      0      0      0      0      0      0      0      0      0      0      0      0      0      0      0      0      0      0      0 490000 490000
490000 490000 490000 490000 490000      0      0      0      0      0      0      0      0      0      0      0      0      0      0      0      0      0      0      0 490000
490000 490000 490000 490000 490000 490000    190    171    152    133    114     95     76     57     38     19      0      0      0      0      0      0      0     19     38
490000 490000 490000    140    130    120    110    100     90     80     70     60     50     40     30     20     10      0     10     20     30 490000 490000 490000 490000
490000 490000 490000 490000      0      0      0      0      0      0      0      0      0      0      0      0      0      0      0      0      0      0 490000 490000 490000
490000 490000 490000 490000 490000      0      0      0      0      0      0      0      0      0      0      0      0      0      0      0      0      0      0 490000 490000
490000 490000 490000 490000 490000 490000      0      0      0      0      0      0      0      0      0      0      0      0      0      0      0      0      0      0 490000
490000 490000 490000 490000 490000 490000 490000    150    140    130    120    110    100     90     80     70     60     50     40     30     20     10      0     10     20
150    135    120    105     90     75     60     45     30     15      0      0      0      0      0      0     15     30     45     60     75 490000 490000 490000 490000
490000      0      0      0      0      0      0      0      0      0      0      0      0      0      0      0      0      0      0      0      0      0 490000 490000 490000
490000 490000      0      0      0      0      0      0      0      0      0      0      0      0      0      0      0      0      0      0      0      0      0 490000 490000
490000 490000 490000      0      0      0      0      0      0      0      0      0      0      0      0      0      0      0      0      0      0      0      0      0 490000
490000 490000 490000 490000    165    150    135    120    105     90     75     60     45     30     15      0      0     15     30     45     60     75     90    105    120
490000 490000 490000 490000    112     84     56     28      0     28     56     84    112    140    168    196    224    252    280    308    336 490000 490000 490000 490000
490000 490000 490000 490000 490000      0      0      0      0      0      0      0      0      0      0      0      0      0      0      0      0      0 490000 490000 490000
490000 490000 490000 490000 490000 490000      0      0      0      0      0      0      0      0      0      0      0      0      0      0      0      0      0 490000 490000
490000 490000 490000 490000 490000 490000 490000      0      0      0      0      0      0      0      0      0      0      0      0      0      0      0      0      0 490000
490000 490000 490000 490000 490000 490000 490000 490000    168    140    112     84     56     28      0      0      0      0      0      0      0     28     56     84    112