5 5 5 5
20 19 27 21
2 4 3 1
5 6 13 2
8 15 14 7
8 16 14 10
8 18 16 18
291600     60     40     20      0      0      0      0     20     40     60     80    100    120    140    160 291600 291600 291600 291600
291600 291600      0      0      0      0      0      0      0      0      0      0      0      0      0      0      0 291600 291600 291600
291600 291600 291600      0      0      0      0      0      0      0      0      0      0      0      0      0      0      0 291600 291600
291600 291600 291600 291600      0      0      0      0      0      0      0      0      0      0      0      0      0      0      0 291600
291600 291600 291600 291600 291600     40     20      0     20     40     60     80    100    120    140    160    180    200    220    240
291600 291600 291600     38     19      0      0      0      0      0      0      0      0      0      0     19 291600 291600 291600 291600
291600 291600 291600 291600      0      0      0      0      0      0      0      0      0      0      0      0      0 291600 291600 291600
291600 291600 291600 291600 291600      0      0      0      0      0      0      0      0      0      0      0      0      0 291600 291600
291600 291600 291600 291600 291600 291600      0      0      0      0      0      0      0      0      0      0      0      0      0 291600
291600 291600 291600 291600 291600 291600 291600    152    133    114     95     76     57     38     19      0      0      0     19     38
291600 291600    270    243    216    189    162    135    108     81     54     27      0      0     27     54 291600 291600 291600 291600
291600 291600 291600      0      0      0      0      0      0      0      0      0      0      0      0      0      0 291600 291600 291600
291600 291600 291600 291600      0      0      0      0      0      0      0      0      0      0      0      0      0      0 291600 291600
291600 291600 291600 291600 291600      0      0      0      0      0      0      0      0      0      0      0      0      0      0 291600
291600 291600 291600 291600 291600 291600    189    162    135    108     81     54     27      0      0      0     27     54     81    108
    21      0      0      0      0      0      0     21     42     63     84    105    126    147    168    189 291600 291600 291600 291600
291600      0      0      0      0      0      0      0      0      0      0      0      0      0      0      0      0 291600 291600 291600
291600 291600      0      0      0      0      0      0      0      0      0      0      0      0      0      0      0      0 291600 291600
291600 291600 291600      0      0      0      0      0      0      0      0      0      0      0      0      0      0      0      0 291600
291600 291600 291600 291600    105     84     63     42     21      0      0      0      0      0      0      0      0      0     21     42